7.136273
7.135482
7.134974
7.137747
7.139232
7.135311
7.129438
7.132665
7.136105
7.131952
7.133788
7.130096
7.13379
7.131407
7.133596
7.13715
7.137863
7.13075
7.135224
7.129073
7.14182
7.137975
7.139623
7.139559
7.13382
7.141193
7.131209
7.134403
7.129708
7.128713
7.12867
7.139043
7.134457
7.130787
7.128625
7.139758
7.133287
7.135846
7.129232
7.13596
7.134858
7.142064
7.13137
7.129954
7.136717
7.135108
7.139872
7.132187
7.128872
7.136149
7.129931
7.136707
7.134891
7.132462
7.128641
7.140344
7.132821
7.141076
7.134745
7.136735
7.133842
7.134416
7.132428
7.142076
7.135296
7.130027
7.141206
7.130135
7.136592
7.133932
7.136793
7.138362
7.138536
7.133914
7.138477
7.139021
7.134339
7.140305
7.134536
7.139925
7.141424
7.140116
7.140656
7.139829
7.129071
7.129658
7.142157
7.128511
7.132669
7.130055
7.13527
7.136281
7.132657
7.132968
7.141212
7.132309
7.132507
7.140135
7.130336
